# scanned Pigs data with scanning errors corrected but some missing decimals
24.0 320 39.0 425 480 545 61.0 65.0 72.0
225 30.5 405 450 51.0 585 64.0 72.0 78.0
225 28.0 365 41.0 475 550 61.0 68.0 76.0
24.0 315 39.5 445 510 56.0 59.5 64.0 67.0
245 315 37.0 425 480 540 580 63.0 65.5
23.0 30.0 355 410 480 515 56.5 63.5 69.5
225 285 360 435 47.0 53.5 59.5 67.5 735
235 30.5 380 41.0 485 550 59.5 66.5 73.0
200 27.5 33.0 39.0 435 49.0 545 59.5 65.0
255 32.5 39.5 47.0 53.0 585 63.0 69.5 76.0
245 310 40.5 460 515 57.0 62.5 69.5 76.0
240 29.0 39.0 440 50.5 57.0 61.5 68.0 735
235 30.5 36.5 420 47.0 550 59.0 65.5 73.0
215 30.5 37.0 425 480 525 58.5 63.0 69.5
25.0 320 385 44.0 510 59.0 66.0 75.5 86.0
215 28.5 340 395 450 510 580 64.5 725
31.0 380 480 540 60.0 620 66.5 755 840
27.5 32.5 360 430 49.5 525 56.0 61.0 640
30.0 37.0 45.0 51.0 580 630 67.5 74.5 81.0
26.0 320 40.5 455 525 55.5 62.5 69.5 74.0
26.0 32.5 39.5 44.0 480 545 58.0 66.0 73.0
285 35.5 415 475 540 59.5 63.5 71.0 78.5
26.5 34.5 420 485 555 62.0 68.0 765 85.0
27.5 33.5 410 450 50.5 56.0 62.5 71.0 78.0
225 27.0 335 385 41.0 49.0 56.0 64.0 68.0
220 26.5 325 385 435 505 56.5 63.5 68.5
235 29.0 355 40.0 450 50.0 56.5 63.0 67.5
225 29.5 36.5 420 45.0 55.0 61.0 68.0 72.0
27.5 345 420 47.5 53.0 63.0 720 79.0 85.5
235 280 33.0 37.0 385 480 525 620 645
245 30.0 385 420 47.5 54.0 625 715 77.0
245 315 405 465 515 61.5 685 77.5 845
245 320 39.0 45.0 510 55.5 615 69.0 755
240 325 40.0 480 545 615 680 745 81.0
240 315 385 44.0 515 57.5 640 72.5 79.0
245 325 39.5 445 525 56.5 620 67.5 72.5
245 32.0 385 440 50.0 56.0 635 69.5 76.0
255 33.0 415 47.0 555 605 665 77.0 82.0
255 32.0 39.0 455 510 57.5 63.5 72.0 785
250 310 36.5 430 505 550 625 69.0 75.5
265 30.5 33.0 39.0 435 49.5 56.5 61.0 65.0
240 320 39.0 445 500 56.0 63.0 67.5 74.0
245 31.0 37.5 435 48.0 56.0 62.5 66.5 70.5
27.0 345 42.0 485 53.0 60.0 67.0 73.0 76.0
31.0 39.0 47.5 510 57.0 64.0 71.0 77.0 80.5
27.0 335 40.0 465 53.0 60.0 66.5 72.5 80.0
29.5 37.0 46.0 525 60.0 67.5 76.0 815 88.0
28.5 36.0 42.5 49.0 55.0 63.5 72.0 785 85.5
